380.000000 63.400000 38.500000 3.000000 
385.000000 64.600000 36.750000 2.100000 
390.000000 65.800000 35.000000 1.200000 
395.000000 80.300000 39.200000 0.050000 
400.000000 94.800000 43.400000 -1.100000 
405.000000 99.800000 44.850000 -0.800000 
410.000000 104.800000 46.300000 -0.500000 
415.000000 105.350000 45.100000 -0.600000 
420.000000 105.900000 43.900000 -0.700000 
425.000000 101.350000 40.500000 -0.950000 
430.000000 96.800000 37.100000 -1.200000 
435.000000 105.350000 36.900000 -1.900000 
440.000000 113.900000 36.700000 -2.600000 
445.000000 119.750000 36.300000 -2.750000 
450.000000 125.600000 35.900000 -2.900000 
455.000000 125.550000 34.250000 -2.850000 
460.000000 125.500000 32.600000 -2.800000 
465.000000 123.400000 30.250000 -2.700000 
470.000000 121.300000 27.900000 -2.600000 
475.000000 121.300000 26.100000 -2.600000 
480.000000 121.300000 24.300000 -2.600000 
485.000000 117.400000 22.200000 -2.200000 
490.000000 113.500000 20.100000 -1.800000 
495.000000 113.300000 18.150000 -1.650000 
500.000000 113.100000 16.200000 -1.500000 
505.000000 111.950000 14.700000 -1.400000 
510.000000 110.800000 13.200000 -1.300000 
515.000000 108.650000 10.900000 -1.250000 
520.000000 106.500000 8.600000 -1.200000 
525.000000 107.650000 7.350000 -1.100000 
530.000000 108.800000 6.100000 -1.000000 
535.000000 107.050000 5.150000 -0.750000 
540.000000 105.300000 4.200000 -0.500000 
545.000000 104.850000 3.050000 -0.400000 
550.000000 104.400000 1.900000 -0.300000 
555.000000 102.200000 0.950000 -0.150000 
560.000000 100.000000 0.000000 0.000000 
565.000000 98.000000 -0.800000 0.100000 
570.000000 96.000000 -1.600000 0.200000 
575.000000 95.550000 -2.550000 0.350000 
580.000000 95.100000 -3.500000 0.500000 
585.000000 92.100000 -3.500000 1.300000 
590.000000 89.100000 -3.500000 2.100000 
595.000000 89.800000 -4.650000 2.650000 
600.000000 90.500000 -5.800000 3.200000 
605.000000 90.400000 -6.500000 3.650000 
610.000000 90.300000 -7.200000 4.100000 
615.000000 89.350000 -7.900000 4.400000 
620.000000 88.400000 -8.600000 4.700000 
625.000000 86.200000 -9.050000 4.900000 
630.000000 84.000000 -9.500000 5.100000 
635.000000 84.550000 -10.200000 5.900000 
640.000000 85.100000 -10.900000 6.700000 
645.000000 83.500000 -10.800000 7.000000 
650.000000 81.900000 -10.700000 7.300000 
655.000000 82.250000 -11.350000 7.950000 
660.000000 82.600000 -12.000000 8.600000 
665.000000 83.750000 -13.000000 9.200000 
670.000000 84.900000 -14.000000 9.800000 
675.000000 83.100000 -13.800000 10.000000 
680.000000 81.300000 -13.600000 10.200000 
685.000000 76.600000 -12.800000 9.250000 
690.000000 71.900000 -12.000000 8.300000 
695.000000 73.100000 -12.650000 8.950000 
700.000000 74.300000 -13.300000 9.600000 
705.000000 75.350000 -13.100000 9.050000 
710.000000 76.400000 -12.900000 8.500000 
715.000000 69.850000 -11.750000 7.750000 
720.000000 63.300000 -10.600000 7.000000 
725.000000 67.500000 -11.100000 7.300000 
730.000000 71.700000 -11.600000 7.600000 
735.000000 74.350000 -11.900000 7.800000 
740.000000 77.000000 -12.200000 8.000000 
745.000000 71.100000 -11.200000 7.350000 
750.000000 65.200000 -10.200000 6.700000 
755.000000 56.450000 -9.000000 5.950000 
760.000000 47.700000 -7.800000 5.200000 
765.000000 58.150000 -9.500000 6.300000 
770.000000 68.600000 -11.200000 7.400000 
775.000000 66.800000 -10.800000 7.100000 
780.000000 65.000000 -10.400000 6.800000 
